 * Serving Flask app "server" (lazy loading)
 * Environment: production
   WARNING: Do not use the development server in a production environment.
   Use a production WSGI server instead.
 * Debug mode: on
1968
1973
1978
1983
1988
1993
1998
2003
2008
2013
2018
2023
2028
2033
1968
1973
1978
1983
1988
1993
1998
2003
2008
2013
2018
2023
2028
2033
1968
1973
1978
1983
1988
1993
1998
2003
2008
2013
2018
2023
2028
2033
1968
1973
1978
1983
1988
1993
1998
2003
2008
2013
2018
2023
2028
2033
1968
1973
1978
1983
1988
1993
1998
2003
2008
2013
2018
2023
2028
2033
1968
1973
1978
1983
1988
1993
1998
2003
2008
2013
2018
2023
2028
2033
1968
1973
1978
1983
1988
1993
1998
2003
2008
2013
2018
2023
2028
2033
1968
1973
1978
1983
1988
1993
1998
2003
2008
2013
2018
2023
2028
2033
1968
1973
1978
1983
1988
1993
1998
2003
2008
2013
2018
2023
2028
2033
1968
1973
1978
1983
1988
1993
1998
2003
2008
2013
2018
2023
2028
2033
1968
1973
1978
1983
1988
1993
1998
2003
2008
2013
2018
2023
2028
2033
1968
1973
1978
1983
1988
1993
1998
2003
2008
2013
2018
2023
2028
2033
1968
1973
1978
1983
1988
1993
1998
2003
2008
2013
2018
2023
2028
2033
1968
1973
1978
1983
1988
1993
1998
2003
2008
2013
2018
2023
2028
2033
1968
1973
1978
1983
1988
1993
1998
2003
2008
2013
2018
2023
2028
2033
1968
1973
1978
1983
1988
1993
1998
2003
2008
2013
2018
2023
2028
2033
1968
1973
1978
1983
1988
1993
1998
2003
2008
2013
2018
2023
2028
2033
1968
1973
1978
1983
1988
1993
1998
2003
2008
2013
2018
2023
2028
2033
1968
1973
1978
1983
1988
1993
1998
2003
2008
2013
2018
2023
2028
2033
1968
1973
1978
1983
1988
1993
1998
2003
2008
2013
2018
2023
2028
2033
1968
1973
1978
1983
1988
1993
1998
2003
2008
2013
2018
2023
2028
2033
1968
1973
1978
1983
1988
1993
1998
2003
2008
2013
2018
2023
2028
2033
1968
1973
1978
1983
1988
1993
1998
2003
2008
2013
2018
2023
2028
2033
1968
1973
1978
1983
1988
1993
1998
2003
2008
2013
2018
2023
2028
2033
1968
1973
1978
1983
1988
1993
1998
2003
2008
2013
2018
2023
2028
2033
1968
1973
1978
1983
1988
1993
1998
2003
2008
2013
2018
2023
2028
2033
1968
1973
1978
1983
1988
1993
1998
2003
2008
2013
2018
2023
2028
2033
1968
1973
1978
1983
1988
1993
1998
2003
2008
2013
2018
2023
2028
2033
1968
1973
1978
1983
1988
1993
1998
2003
2008
2013
2018
2023
2028
2033
1968
1973
1978
1983
1988
1993
1998
2003
2008
2013
2018
2023
2028
2033
1968
1973
1978
1983
1988
1993
1998
2003
2008
2013
2018
2023
2028
2033
1968
1973
1978
1983
1988
1993
1998
2003
2008
2013
2018
2023
2028
2033
1968
1973
1978
1983
1988
1993
1998
2003
2008
2013
2018
2023
2028
2033
1968
1973
1978
1983
1988
1993
1998
2003
2008
2013
2018
2023
2028
2033
1968
1973
1978
1983
1988
1993
1998
2003
2008
2013
2018
2023
2028
2033
1968
1973
1978
1983
1988
1993
1998
2003
2008
2013
2018
2023
2028
2033
1968
1973
1978
1983
1988
1993
1998
2003
2008
2013
2018
2023
2028
2033
1968
1973
1978
1983
1988
1993
1998
2003
2008
2013
2018
2023
2028
2033
1968
1973
1978
1983
1988
1993
1998
2003
2008
2013
2018
2023
2028
2033
1968
1973
1978
1983
1988
1993
1998
2003
2008
2013
2018
2023
2028
2033
1968
1973
1978
1983
1988
1993
1998
2003
2008
2013
2018
2023
2028
2033
1968
1973
1978
1983
1988
1993
1998
2003
2008
2013
2018
2023
2028
2033
1968
1973
1978
1983
1988
1993
1998
2003
2008
2013
2018
2023
2028
2033
1968
1973
1978
1983
1988
1993
1998
2003
2008
2013
2018
2023
2028
2033
河南省 郑州市 密县
河南省 郑州市 密县
河南省 郑州市 密县
河南省 郑州市 密县
河南省 郑州市 密县
河南省 郑州市 密县
河南省 郑州市 密县
河南省 郑州市 密县
河南省 郑州市 密县
河南省 郑州市 密县
河南省 郑州市 邙山区
河南省 郑州市 邙山区
河南省 郑州市 经济技术开发区
河南省 郑州市 经济技术开发区
河南省 郑州市 郑东新区
河南省 郑州市 郑东新区
1976
1981
1986
1991
1996
2001
2006
2011
2016
2021
2026
2031
2036
2041
1968
1973
1978
1983
1988
1993
1998
2003
2008
2013
2018
2023
2028
2033
1970
1975
1980
1985
1990
1995
2000
2005
2010
2015
2020
2025
2030
2035
1968
1973
1978
1983
1988
1993
1998
2003
2008
2013
2018
2023
2028
2033
1968
1973
1978
1983
1988
1993
1998
2003
2008
2013
2018
2023
2028
2033
1968
1973
1978
1983
1988
1993
1998
2003
2008
2013
2018
2023
2028
2033
1968
1973
1978
1983
1988
1993
1998
2003
2008
2013
2018
2023
2028
2033
1968
1973
1978
1983
1988
1993
1998
2003
2008
2013
2018
2023
2028
2033
1968
1973
1978
1983
1988
1993
1998
2003
2008
2013
2018
2023
2028
2033
1968
1973
1978
1983
1988
1993
1998
2003
2008
2013
2018
2023
2028
2033
1968
1973
1978
1983
1988
1993
1998
2003
2008
2013
2018
2023
2028
2033
1968
1973
1978
1983
1988
1993
1998
2003
2008
2013
2018
2023
2028
2033
1968
1973
1978
1983
1988
1993
1998
2003
2008
2013
2018
2023
2028
2033
1968
1973
1978
1983
1988
1993
1998
2003
2008
2013
2018
2023
2028
2033
1968
1973
1978
1983
1988
1993
1998
2003
2008
2013
2018
2023
2028
2033
1970
1975
1980
1985
1990
1995
2000
2005
2010
2015
2020
2025
2030
2035
1968
1973
1978
1983
1988
1993
1998
2003
2008
2013
2018
2023
2028
2033
1968
1973
1978
1983
1988
1993
1998
2003
2008
2013
2018
2023
2028
2033
1970
1975
1980
1985
1990
1995
2000
2005
2010
2015
2020
2025
2030
2035
1970
1975
1980
1985
1990
1995
2000
2005
2010
2015
2020
2025
2030
2035
1968
1973
1978
1983
1988
1993
1998
2003
2008
2013
2018
2023
2028
2033
1968
1973
1978
1983
1988
1993
1998
2003
2008
2013
2018
2023
2028
2033
1968
1973
1978
1983
1988
1993
1998
2003
2008
2013
2018
2023
2028
2033
1968
1973
1978
1983
1988
1993
1998
2003
2008
2013
2018
2023
2028
2033
1968
1973
1978
1983
1988
1993
1998
2003
2008
2013
2018
2023
2028
2033
1968
1973
1978
1983
1988
1993
1998
2003
2008
2013
2018
2023
2028
2033
1968
1973
1978
1983
1988
1993
1998
2003
2008
2013
2018
2023
2028
2033
1968
1973
1978
1983
1988
1993
1998
2003
2008
2013
2018
2023
2028
2033
1968
1973
1978
1983
1988
1993
1998
2003
2008
2013
2018
2023
2028
2033
1968
1973
1978
1983
1988
1993
1998
2003
2008
2013
2018
2023
2028
2033
1970
1975
1980
1985
1990
1995
2000
2005
2010
2015
2020
2025
2030
2035
1970
1975
1980
1985
1990
1995
2000
2005
2010
2015
2020
2025
2030
2035
1968
1973
1978
1983
1988
1993
1998
2003
2008
2013
2018
2023
2028
2033
1970
1975
1980
1985
1990
1995
2000
2005
2010
2015
2020
2025
2030
2035
1968
1973
1978
1983
1988
1993
1998
2003
2008
2013
2018
2023
2028
2033
1968
1973
1978
1983
1988
1993
1998
2003
2008
2013
2018
2023
2028
2033
1968
1973
1978
1983
1988
1993
1998
2003
2008
2013
2018
2023
2028
2033
1968
1973
1978
1983
1988
1993
1998
2003
2008
2013
2018
2023
2028
2033
1968
1973
1978
1983
1988
1993
1998
2003
2008
2013
2018
2023
2028
2033
1968
1973
1978
1983
1988
1993
1998
2003
2008
2013
2018
2023
2028
2033
1970
1975
1980
1985
1990
1995
2000
2005
2010
2015
2020
2025
2030
2035
1968
1973
1978
1983
1988
1993
1998
2003
2008
2013
2018
2023
2028
2033
1970
1975
1980
1985
1990
1995
2000
2005
2010
2015
2020
2025
2030
2035
1968
1973
1978
1983
1988
1993
1998
2003
2008
2013
2018
2023
2028
2033
1970
1975
1980
1985
1990
1995
2000
2005
2010
2015
2020
2025
2030
2035
1968
1973
1978
1983
1988
1993
1998
2003
2008
2013
2018
2023
2028
2033
1970
1975
1980
1985
1990
1995
2000
2005
2010
2015
2020
2025
2030
2035
河南省 郑州市 密县
河南省 郑州市 密县
河南省 郑州市 密县
河南省 郑州市 密县
河南省 郑州市 密县
河南省 郑州市 密县
河南省 郑州市 密县
河南省 郑州市 密县
河南省 郑州市 密县
河南省 郑州市 密县
河南省 郑州市 邙山区
河南省 郑州市 邙山区
河南省 郑州市 经济技术开发区
河南省 郑州市 经济技术开发区
河南省 郑州市 郑东新区
河南省 郑州市 郑东新区
1976
1981
1986
1991
1996
2001
2006
2011
2016
2021
2026
2031
2036
2041
1984
1989
1994
1999
2004
2009
2014
2019
2024
2029
2034
2039
2044
2049
1972
1977
1982
1987
1992
1997
2002
2007
2012
2017
2022
2027
2032
2037
1970
1975
1980
1985
1990
1995
2000
2005
2010
2015
2020
2025
2030
2035
山西省 晋中地区 
山西省 晋中地区 
山西省 晋中地区 
山西省 晋中地区 
山西省 晋中地区 
山西省 晋中地区 
山西省 晋中市 榆次市
1973
1978
1983
1988
1993
1998
2003
2008
2013
2018
2023
2028
2033
2038
1972
1977
1982
1987
1992
1997
2002
2007
2012
2017
2022
2027
2032
2037
山西省 临汾地区 
山西省 临汾地区 
山西省 临汾地区 
山西省 运城地区 运城市
山西省 运城地区 运城市
山西省 运城地区 
山西省 运城地区 
山西省 运城地区 稷山县
山西省 运城地区 稷山县
1978
1983
1988
1993
1998
2003
2008
2013
2018
2023
2028
2033
2038
2043
1970
1975
1980
1985
1990
1995
2000
2005
2010
2015
2020
2025
2030
2035
1974
1979
1984
1989
1994
1999
2004
2009
2014
2019
2024
2029
2034
2039
1968
1973
1978
1983
1988
1993
1998
2003
2008
2013
2018
2023
2028
2033
1968
1973
1978
1983
1988
1993
1998
2003
2008
2013
2018
2023
2028
2033
1968
1973
1978
1983
1988
1993
1998
2003
2008
2013
2018
2023
2028
2033
1968
1973
1978
1983
1988
1993
1998
2003
2008
2013
2018
2023
2028
2033
1968
1973
1978
1983
1988
1993
1998
2003
2008
2013
2018
2023
2028
2033
1968
1973
1978
1983
1988
1993
1998
2003
2008
2013
2018
2023
2028
2033
1968
1973
1978
1983
1988
1993
1998
2003
2008
2013
2018
2023
2028
2033
1970
1975
1980
1985
1990
1995
2000
2005
2010
2015
2020
2025
2030
2035
1968
1973
1978
1983
1988
1993
1998
2003
2008
2013
2018
2023
2028
2033
1970
1975
1980
1985
1990
1995
2000
2005
2010
2015
2020
2025
2030
2035
1968
1973
1978
1983
1988
1993
1998
2003
2008
2013
2018
2023
2028
2033
1970
1975
1980
1985
1990
1995
2000
2005
2010
2015
2020
2025
2030
2035
1970
1975
1980
1985
1990
1995
2000
2005
2010
2015
2020
2025
2030
2035
1970
1975
1980
1985
1990
1995
2000
2005
2010
2015
2020
2025
2030
2035
1968
1973
1978
1983
1988
1993
1998
2003
2008
2013
2018
2023
2028
2033
1974
1979
1984
1989
1994
1999
2004
2009
2014
2019
2024
2029
2034
2039
1974
1979
1984
1989
1994
1999
2004
2009
2014
2019
2024
2029
2034
2039
1974
1979
1984
1989
1994
1999
2004
2009
2014
2019
2024
2029
2034
2039
1974
1979
1984
1989
1994
1999
2004
2009
2014
2019
2024
2029
2034
2039
1970
1975
1980
1985
1990
1995
2000
2005
2010
2015
2020
2025
2030
2035
河南省 郑州市 密县
河南省 郑州市 密县
河南省 郑州市 密县
河南省 郑州市 密县
河南省 郑州市 密县
河南省 郑州市 密县
河南省 郑州市 密县
河南省 郑州市 密县
河南省 郑州市 密县
河南省 郑州市 密县
河南省 郑州市 邙山区
河南省 郑州市 邙山区
河南省 郑州市 经济技术开发区
河南省 郑州市 经济技术开发区
河南省 郑州市 郑东新区
河南省 郑州市 郑东新区
1976
1981
1986
1991
1996
2001
2006
2011
2016
2021
2026
2031
2036
2041
江苏省 苏州市 平江区
江苏省 苏州市 平江区
江苏省 苏州市 平江区
江苏省 苏州市 平江区
江苏省 苏州市 平江区
江苏省 苏州市 平江区
江苏省 苏州市 平江区
江苏省 苏州市 平江区
江苏省 苏州市 平江区
1986
1991
1996
2001
2006
2011
2016
2021
2026
2031
2036
2041
2046
2051
1984
1989
1994
1999
2004
2009
2014
2019
2024
2029
2034
2039
2044
2049
山西省 临汾地区 
山西省 临汾地区 
山西省 临汾地区 
山西省 运城地区 运城市
山西省 运城地区 运城市
山西省 运城地区 
山西省 运城地区 
山西省 运城地区 稷山县
山西省 运城地区 稷山县
1978
1983
1988
1993
1998
2003
2008
2013
2018
2023
2028
2033
2038
2043
1972
1977
1982
1987
1992
1997
2002
2007
2012
2017
2022
2027
2032
2037
1970
1975
1980
1985
1990
1995
2000
2005
2010
2015
2020
2025
2030
2035
山西省 晋中地区 
山西省 晋中地区 
山西省 晋中地区 
山西省 晋中地区 
山西省 晋中地区 
山西省 晋中地区 
山西省 晋中市 榆次市
1973
1978
1983
1988
1993
1998
2003
2008
2013
2018
2023
2028
2033
2038
1968
1973
1978
1983
1988
1993
1998
2003
2008
2013
2018
2023
2028
2033
1970
1975
1980
1985
1990
1995
2000
2005
2010
2015
2020
2025
2030
2035
1972
1977
1982
1987
1992
1997
2002
2007
2012
2017
2022
2027
2032
2037
1984
1989
1994
1999
2004
2009
2014
2019
2024
2029
2034
2039
2044
2049
1970
1975
1980
1985
1990
1995
2000
2005
2010
2015
2020
2025
2030
2035
